<?xml version="1.0"?>
<opencv_storage>
<calibration_Time>"Qui 04 Ago 2016 14:27:22 BRT"</calibration_Time>
<nrOfFrames>10</nrOfFrames>
<image_Width>704</image_Width>
<image_Height>480</image_Height>
<board_Width>4</board_Width>
<board_Height>11</board_Height>
<square_Size>13.</square_Size>
<FixAspectRatio>1.</FixAspectRatio>
<flagValue>14</flagValue>
<Camera_Matrix type_id="opencv-matrix">
  <rows>3</rows>
  <cols>3</cols>
  <dt>d</dt>
  <data>
    2.4125343282050253e+03 0. 3.5150000000000000e+02 0.
    2.4125343282050253e+03 2.3950000000000000e+02 0. 0. 1.</data></Camera_Matrix>
<Distortion_Coefficients type_id="opencv-matrix">
  <rows>5</rows>
  <cols>1</cols>
  <dt>d</dt>
  <data>
    -6.1258730846785614e+00 1.7881388280983067e+01 0. 0.
    1.2840250181803588e+03</data></Distortion_Coefficients>
<Avg_Reprojection_Error>1.2907892949362043e-01</Avg_Reprojection_Error>
<Per_View_Reprojection_Errors type_id="opencv-matrix">
  <rows>10</rows>
  <cols>1</cols>
  <dt>f</dt>
  <data>
    1.29732341e-01 1.29563376e-01 1.29500076e-01 1.29396960e-01
    1.28661305e-01 1.28925487e-01 1.28458768e-01 1.28766611e-01
    1.28774032e-01 1.29003704e-01</data></Per_View_Reprojection_Errors>
<Extrinsic_Parameters type_id="opencv-matrix">
  <rows>10</rows>
  <cols>6</cols>
  <dt>d</dt>
  <data>
    -3.3090968595541703e-01 3.6186615821215212e-01
    1.5965865422935952e+00 5.9716728419172057e+01
    -2.1023371940926292e+01 1.0819085121886078e+03
    -3.3089575292722873e-01 3.6187113760141881e-01
    1.5965892851180308e+00 5.9716916630836707e+01
    -2.1023467480728772e+01 1.0819126488252100e+03
    -3.3090749109142181e-01 3.6187541100572074e-01
    1.5965841674038770e+00 5.9716740816623847e+01
    -2.1023331090393039e+01 1.0819113579872703e+03
    -3.3092410933562549e-01 3.6185541376090197e-01
    1.5965829661288107e+00 5.9716791538811066e+01
    -2.1023085414293888e+01 1.0819123165778051e+03
    -3.3096001740996761e-01 3.6186979007852033e-01
    1.5965656859559982e+00 5.9715723809710710e+01
    -2.1023350601995777e+01 1.0819119981609188e+03
    -3.3096940077949166e-01 3.6182959671884024e-01
    1.5965701303408322e+00 5.9715823183578152e+01
    -2.1022949342209177e+01 1.0819097332101114e+03
    -3.3095747155409833e-01 3.6184198973857395e-01
    1.5965705247933859e+00 5.9715895445075553e+01
    -2.1023166575716434e+01 1.0819128320717703e+03
    -3.3092707288560019e-01 3.6180363586434333e-01
    1.5965779118095005e+00 5.9716082922985095e+01
    -2.1023689657517906e+01 1.0819150804691335e+03
    -3.3094916454514123e-01 3.6181459364004936e-01
    1.5965729114458567e+00 5.9715791924104337e+01
    -2.1023658936880604e+01 1.0819142385164646e+03
    -3.3094827982983216e-01 3.6177538297495815e-01
    1.5965797119644727e+00 5.9715764239898704e+01
    -2.1023497619261835e+01 1.0819123571334312e+03</data></Extrinsic_Parameters>
<Image_points type_id="opencv-matrix">
  <rows>10</rows>
  <cols>44</cols>
  <dt>"2f"</dt>
  <data>
    4.81738586e+02 1.93597946e+02 4.80446686e+02 2.45148895e+02
    4.78297607e+02 2.97547668e+02 4.75044769e+02 3.50008911e+02
    4.53396912e+02 2.17671234e+02 4.51276642e+02 2.70050415e+02
    4.48439301e+02 3.22933044e+02 4.44799896e+02 3.75555786e+02
    4.26004456e+02 1.90252640e+02 4.23848846e+02 2.42267303e+02
    4.21123962e+02 2.95254791e+02 4.17833069e+02 3.48404602e+02
    3.96220154e+02 2.14595856e+02 3.93393890e+02 2.67422791e+02
    3.90275391e+02 3.20757263e+02 3.86843597e+02 3.73841766e+02
    3.68778778e+02 1.87307587e+02 3.65763031e+02 2.39485306e+02
    3.62552856e+02 2.92715546e+02 3.59199493e+02 3.46098328e+02
    3.38274292e+02 2.11810913e+02 3.34798279e+02 2.64570374e+02
    3.31451630e+02 3.18003632e+02 3.28167938e+02 3.71143066e+02
    3.11350647e+02 1.84576950e+02 3.07479462e+02 2.36651703e+02
    3.03819946e+02 2.89752533e+02 3.00550354e+02 3.42928131e+02
    2.80737732e+02 2.09247894e+02 2.76728363e+02 2.61734314e+02
    2.73106354e+02 3.14638702e+02 2.70115845e+02 3.67413300e+02
    2.54699326e+02 1.82388199e+02 2.50292664e+02 2.34081604e+02
    2.46217789e+02 2.86467316e+02 2.42898697e+02 3.39071259e+02
    2.24695511e+02 2.07174530e+02 2.20253235e+02 2.58817444e+02
    2.16454132e+02 3.10928162e+02 2.13564316e+02 3.62933807e+02
    2.00137741e+02 1.80725647e+02 1.95471558e+02 2.31703827e+02
    1.91174194e+02 2.83181213e+02 1.87736603e+02 3.34803040e+02
    4.81738586e+02 1.93597946e+02 4.80446686e+02 2.45148895e+02
    4.78296417e+02 2.97547699e+02 4.75044769e+02 3.50008911e+02
    4.53396912e+02 2.17671234e+02 4.51276642e+02 2.70050415e+02
    4.48439301e+02 3.22933044e+02 4.44797455e+02 3.75552948e+02
    4.26004456e+02 1.90252640e+02 4.23848846e+02 2.42267303e+02
    4.21123962e+02 2.95254791e+02 4.17831726e+02 3.48405518e+02
    3.96220154e+02 2.14595856e+02 3.93393890e+02 2.67422791e+02
    3.90275391e+02 3.20757263e+02 3.86843597e+02 3.73841766e+02
    3.68778778e+02 1.87307587e+02 3.65763031e+02 2.39485306e+02
    3.62552856e+02 2.92715546e+02 3.59199493e+02 3.46098328e+02
    3.38275818e+02 2.11808289e+02 3.34798157e+02 2.64574402e+02
    3.31451630e+02 3.18003632e+02 3.28167938e+02 3.71143066e+02
    3.11353363e+02 1.84577881e+02 3.07479462e+02 2.36651703e+02
    3.03819946e+02 2.89752533e+02 3.00550354e+02 3.42928131e+02
    2.80737732e+02 2.09247894e+02 2.76728363e+02 2.61734314e+02
    2.73106354e+02 3.14638702e+02 2.70111938e+02 3.67407043e+02
    2.54699326e+02 1.82388199e+02 2.50292664e+02 2.34081604e+02
    2.46217850e+02 2.86466736e+02 2.42898697e+02 3.39071259e+02
    2.24695511e+02 2.07174530e+02 2.20257141e+02 2.58814575e+02
    2.16455780e+02 3.10930328e+02 2.13564377e+02 3.62933807e+02
    2.00137741e+02 1.80725647e+02 1.95471558e+02 2.31703827e+02
    1.91174194e+02 2.83181213e+02 1.87741226e+02 3.34805786e+02
    4.81738586e+02 1.93597946e+02 4.80446686e+02 2.45148895e+02
    4.78296417e+02 2.97547699e+02 4.75044769e+02 3.50008911e+02
    4.53396912e+02 2.17671234e+02 4.51276642e+02 2.70050415e+02
    4.48445465e+02 3.22930023e+02 4.44797455e+02 3.75552948e+02
    4.26006958e+02 1.90252808e+02 4.23848846e+02 2.42267303e+02
    4.21123962e+02 2.95254791e+02 4.17831726e+02 3.48405518e+02
    3.96220154e+02 2.14595856e+02 3.93393890e+02 2.67422791e+02
    3.90275391e+02 3.20757263e+02 3.86844635e+02 3.73839539e+02
    3.68778778e+02 1.87307587e+02 3.65763031e+02 2.39485306e+02
    3.62552856e+02 2.92715546e+02 3.59199493e+02 3.46098328e+02
    3.38275818e+02 2.11808289e+02 3.34800629e+02 2.64573883e+02
    3.31448669e+02 3.18008423e+02 3.28167938e+02 3.71143066e+02
    3.11350739e+02 1.84571030e+02 3.07462799e+02 2.36676636e+02
    3.03819946e+02 2.89752533e+02 3.00550354e+02 3.42928131e+02
    2.80737732e+02 2.09247894e+02 2.76736328e+02 2.61733826e+02
    2.73106354e+02 3.14638702e+02 2.70111938e+02 3.67407043e+02
    2.54699326e+02 1.82388199e+02 2.50292664e+02 2.34081604e+02
    2.46217850e+02 2.86466736e+02 2.42900864e+02 3.39070709e+02
    2.24695511e+02 2.07174530e+02 2.20257141e+02 2.58814575e+02
    2.16455780e+02 3.10930328e+02 2.13564377e+02 3.62933807e+02
    2.00137741e+02 1.80725647e+02 1.95471558e+02 2.31703827e+02
    1.91174194e+02 2.83181213e+02 1.87741226e+02 3.34805786e+02
    4.81738586e+02 1.93597946e+02 4.80446686e+02 2.45148895e+02
    4.78296417e+02 2.97547699e+02 4.75044769e+02 3.50008911e+02
    4.53396912e+02 2.17671234e+02 4.51276642e+02 2.70050415e+02
    4.48445465e+02 3.22930023e+02 4.44797455e+02 3.75552948e+02
    4.26006958e+02 1.90252808e+02 4.23848846e+02 2.42267303e+02
    4.21123962e+02 2.95254791e+02 4.17831726e+02 3.48405518e+02
    3.96220154e+02 2.14595856e+02 3.93393890e+02 2.67422791e+02
    3.90275116e+02 3.20757660e+02 3.86844635e+02 3.73839539e+02
    3.68778778e+02 1.87307587e+02 3.65763031e+02 2.39485306e+02
    3.62562958e+02 2.92726776e+02 3.59199493e+02 3.46098328e+02
    3.38275818e+02 2.11808289e+02 3.34800629e+02 2.64573883e+02
    3.31450470e+02 3.18008606e+02 3.28182220e+02 3.71143158e+02
